2023302143008,0
2023303051052,1
2023303051053,2
2023303051054,3
2023303051055,4
2023303051056,5
2023303051057,6
2023303051058,7
2023303051059,8
2023303051061,9
2023303051063,10
2023303051064,11
2023303051065,12
2023303051066,13
2023303051067,14
2023303051068,15
2023303051069,16
2023303051070,17
2023303051071,18
2023303051072,19
2023303051073,20
2023303051074,21
2023303051076,22
2023303051077,23
2023303051078,24
2023303051079,25
2023303051081,26
2023303051082,27
2023303051083,28
2023303051084,29
2023303051085,30
2023303051086,31
2023303051087,32
2023303051088,33
2023303051089,34
2023303051090,35
2023303051091,36
2023303051092,37
2023303051093,38
2023303051094,39
2023303051095,40
2023303051096,41
2023303051097,42
2023303051099,43
2023303051100,44
